6651
1189
1065
8471
7231
6828
1951
1561
9202
4701
1741
1433
5602
4191
7326
5966
2523
6685
1326
1183
7553
2542
5737
3431
2022
8355
3961
6265
7914
4847
7002
3344
5431
1087
5683
1506
9223
2134
2251
4651
7381
5406
3454
2082
6325
2725
6951
3193
9619
4641
9976
1276
3118
2312
2260
6865
8226
3941
3466
9917
1688
3161
2692
9951
7261
3607
1106
3002
4655
9663
6131
8017
1731
2694
5324
4501
6678
1834
7151
3223
4790
8271
7415
3453
1784
4751
4337
5042
7548
3766
9745
7904
4707
3404
7071
3905
2273
1452
3054
4536
3136
1624
7701
6546
2912
5527
5103
3076
3994
6662
3512
3222
5014
7513
6715
1083
6269
1025
6642
2311
1161
1944
9728
7441
3143
5374
2546
6652
8101
2512
6942
3241
5253
8448
7662
7038
2987
4223
9451
1315
7731
8252
9881
8251
2341
6655
7912
3262
3605
2984
2585
3700
7531
8111
4206
1098
1222
5801
9761
1223
7101
2131
3261
2551
5462
9401
4762
4007
1063
6713
7908
7461
3132
5151
4250
2051
6191
3192
3582
1947
7447
3904
7651
2103
2033
7676
2722
3051
7064
4462
3077
3315
4600
6721
2225
3124
4197
5684
1019
9403
9741
1018
2275
1017
4834
6224
3417
4873
3870
7812
8154
1007
3514
3331
4851
7333
2741
1456
2405
6701
4711
3362
4511
7009
1851
1422
5095
4564
1941
6880
5018
5673
5242
1060
5706
2182
4625
2295
8014
5831
2671
1423
7156
1181
2135
3059
1689
1946
3062
6675
6834
6717
8042
7152
5111
4332
1446
1826
4401
6004
3781
4542
3817
2461
9736
2591
2162
3945
6441
8061
1671
6049
4241
2711
1012
7678
7751
3701
3247
6085
3871
3144
5341
7322
3851
4053
2661
3645
3523
6996
6229
9919
6663
5047
5371
3632
1334
8032
8244
2811
3238
9713
8911
4209
5571
3402
2396
1747
5583
6031
5272
2403
7416
9737
1531
1188
9824
3734
2281
3263
7482
6035
3434
6626
8918
6950
9406
3312
7606
9602
8935
9883
6811
5051
3608
1442
7004
3863
1023
1788
1135
2612
6843
2324
5011
2024
9674
7211
5754
6463
2574
8322
6718
3145
8161
3448
7054
3068
2203
4133
1273
9001
5421
9863
2288
6624
1901
5237
1621
9862
1013
3061
3902
3031
1448
3571
6523
7412
3741
5473
9712
1072
6815
4207
8915
7478
7241
7251
7312
1212
1335
3755
1339
1078
9311
5731
6660
5913
3034
4907
4493
9101
6578
5674
5161
6674
1990
8383
8103
5751
7941
3561
9163
8401
6447
9714
7462
6086
6255
8891
1067
7734
1601
1782
4471
4902
3881
7104
6466
3823
1746
8421
6464
1011
7602
2111
9503
6852
7863
9751
8939
9722
3066
3131
5121
7351
4363
2252
3253
3712
4494
5043
3084
1031
1090
7665
2642
9726
2565
4031
9682
3063
4813
1251
3849
2719
5408
1014
2801
2451
9356
3642
4112
2408
2121
2132
6603
7213
2291
4306
1338
4695
7364
6851
6961
8442
1974
3554
6871
6471
7021
1972
1687
6845
5921
2042
2518
4706
6708
5172
8026
1272
3706
5262
6687
2353
8801
3343
9989
8526
5614
3225
7909
3008
1521
1825
3471
6245
9405
9721
7383
2807
7323
1034
2506
5211
2804
8331
9822
3731
3135
1059
6227
8896
6005
5851
9601
8924
1082
3641
9982
1141
8914
7135
3354
1185
3281
6001
7766
1033
2802
2581
4411
6097
7443
3443
1652
5623
1064
1103
5953
3842
2215
6691
3927
5245
9744
8321
8701
9944
5335
3181
5768
2622
3845
7433
5213
8608
4871
6534
5361
1823
5461
5991
6163
7711
2905
9977
2544
7917
8243
6524
7555
5823
8415
1391
6042
3072
4003
1035
1104
9884
5331
4735
2014
6654
3564
3353
6019
6417
2450
7944
4931
9725
3815
5022
3861
2242
3784
4361
3297
9628
8072
5402
9873
2041
6666
7273
3415
6658
3818
7605
9732
6311
9531
5491
2525
2011
7961
7556
5427
7772
6412
8601
5283
2343
1829
5807
3921
3906
5263
9934
1057
1131
4941
8262
3601
3366
9207
1314
2282
7245
1076
5401
3204
2665
8022
3216
2496
4311
6002
1852
5144
1077
5575
2316
5644
3541
8713
7931
3828
9665
6361
1766
4382
3893
5061
9218
1566
3925
2034
3194
8212
6537
3033
9431
8771
4661
5056
3333
3771
2717
1073
7552
6151
9251
2231
6431
3991
8304
1403
9288
7413
1383
7543
4839
9695
7001
1620
7535
3363
3722
6411
2318
3022
2566
4524
1824
2202
3071
2289
7524
9561
2597
5441
5087
8033
5931
5258
4251
3984
2992
1781
9411
5932
6371
2771
9502
1216
5506
5091
5305
3583
5001
3544
3751
6538
3892
4211
4335
2274
2572
3542
1113
2691
3831
5502
5643
6531
4201
6343
2761
4533
4756
3332
5591
2221
9104
7891
2321
1053
7131
2381
5066
4702
1964
8525
3311
8731
7943
9062
5756
3829
5503
1791
5652
1447
4634
6114
5346
5821
7545
5373
2272
9203
1215
2611
5626
9302
3862
7039
8071
1068
8502
6063
3633
1400
2035
4726
3551
5581
3971
4255
5541
4506
1965
3319
3704
1056
4561
1641
5804
3079
8574
6442
2555
6226
2224
9671
6433
9289
6461
8861
3864
6904
7315
9681
2806
5711
1319
9866
7471
4353
2731
4333
7907
6171
5866
9571
8224
2954
6671
6216
7534
4566
7399
1975
6041
9291
2681
7971
6707
6561
6710
6596
1507
6902
1966
5345
7542
1693
2632
5404
7636
6166
5081
4283
1112
3111
1906
7547
4904
1771
9645
1441
1171
2594
5347
2908
3316
2684
7771
6544
7047
3251
1873
3214
1316
1062
1095
5096
3202
9470
1722
4265
2371
1702
2101
4147
1107
7255
2925
7831
5923
7824
8411
5753
3621
2263
3112
3853
6363
7918
3078
6833
4630
2625
8916
7361
5391
6372
2593
2361
1040
3555
9144
3001
4021
7783
6011
8606
6861
2241
5017
1191
5394
9743
3721
9331
9230
6822
4384
3123
7885
9161
2514
3037
9865
8431
2922
7206
8301
6665
5961
3299
5802
3036
2553
1096
8091
3171
7331
1061
7905
6231
3043
2013
9461
7391
1551
5432
6602
6711
4100
6705
7411
1336
1811
5038
7595
1617
2985
1780
4205
5624
2283
2143
2595
5902
3760
6222
2201
7121
1066
8941
4611
5764
5702
8433
3028
1091
2909
3267
3218
6006
2552
7601
2652
2012
3081
9781
3811
6369
2161
3027
6986
3014
6137
8531
5291
6681
8635
8223
6584
7078
7881
5469
6612
9051
3615
5986
1435
6446
3220
7061
2543
5993
6576
5663
7841
1733
5251
9981
1354
4381
2120
4325
2564
5275
7913
4416
2266
5704
3707
9723
2716
6604
9742
3435
4521
6093
7887
7495
7742
4539
5641
7316
1231
6039
8501
5021
2064
5236
6921
2871
1051
8043
5143
2562
7031
7607
4822
2142
7345
5460
7585
6451
3151
2613
2586
2571
2920
2481
7204
4463
2676
7550
8245
9408
6134
1324
9646
7497
3083
3882
5508
3901
5434
4801
2973
1021
5825
1328
2402
8024
3401
2865
7523
8084
7137
7557
4456
9648
4012
2491
7006
9591
5988
3481
7007
2374
2931
5615
5971
2493
1501
6161
9244
3743
6932
6821
2721
3042
5985
1097
7126
8106
3257
4151
7339
2391
4051
7854
3460
3291
7577
5281
6835
1311
1544
7244
6571
6023
5046
5554
5654
1406
3521
2906
9172
4301
3432
8303
9212
8765
1902
3039
8926
7544
2861
6824
9752
3705
2650
2592
3956
8121
3612
2264
2516
4032
2253
6706
5296
4417
4891
9248
7631
6225
3824
4615
2548
1047
3117
1969
2001
6181
9672
1967
5344
8749
5735
6533
7671
1121
4817
5632
1333
3286
7037
2411
5282
1015
3085
2151
9673
9271
8031
6136
2935
4825
2492
2587
5261
6419
9142
4101
6911
1271
1541
6999
1761
6044
1502
6641
2628
7642
6841
7574
5313
1071
8051
9269
8148
7900
3572
3584
5382
2315
4635
9659
3438
5000
4824
2993
3203
1427
9421
4761
7442
1396
4107
2211
6515
1464
9463
8375
4815
8607
6881
7573
2533
3073
8307
3643
3465
9798
9765
7221
1382
7761
7217
1504
5612
9493
6135
5467
5233
8225
4204
1703
4703
2023
4714
2171
8932
7683
7587
1567
3972
2025
2983
1503
7672
1261
9521
4554
5552
2532
9642
9307
4631
1813
9321
5466
8901
2332
7576
9921
5691
9471
9204
6653
1695
6716
3511
4061
5400
6901
6998
8166
2547
1111
3735
9404
3903
3421
5628
6816
1483
7770
4811
8256
5235
1355
1214
9812
3436
7395
5142
1086
3207
4001
9145
6416
8102
8013
8922
2313
2631
1301
9364
5975
7604
2331
2724
2809
7136
3931
6121
6017
7823
1055
9074
4697
1756
7122
4286
2969
5512
7951
4838
5411
5109
7851
1862
1405
1102
8723
3812
3896
1079
3552
7091
6731
2286
8702
9933
9675
8374
1742
6043
3233
2524
2490
2334
1312
2471
2685
4874
3011
3119
7207
3341
7302
1444
1931
1472
3205
7271
4731
2582
3075
9003
8435
7934
4645
7827
2803
1705
9697
8266
8454
6104
5298
3832
3776
3846
1602
5301
2287
3886
7451
2531
2643
9717
2614
5215
6212
2181
5451
2967
6981
2583
3581
3513
8309
5611
3314
8095
7157
4308
2172
6034
9422
7511
1616
7546
4351
8923
6551
5248
7522
1648
6566
6562
4691
4901
3768
6923
5383
5247
6351
1562
5126
7242
7514
7003
3012
8281
5653
3773
6836
4491
2926
2513
1622
5216
6174
5107
9351
4921
3841
3245
2037
7773
5521
5222
3532
8754
1217
8015
2501
3897
3816
9457
3813
2284
2342
6096
5730
6661
3221
8612
5712
3998
6155
5667
2522
2261
5513
7341
9076
7687
5682
5926
9541
6374
4583
3888
4341
6983
2855
5703
3255
9631
1701
1973
9718
7417
8276
3850
7481
1871
8330
7623
9301
4196
2718
3273
5101
5224
6994
7475
6826
2351
3553
7132
4233
8521
5271
6218
1412
4793
1713
5960
8081
6532
4142
7559
3437
5981
3053
6814
4854
1213
3451
1796
7448
6823
1343
4000
1704
8862
5709
2504
6228
4153
9264
7957
7558
4614
4576
8711
1674
6862
4461
4331
5171
3284
1054
3764
5750
7741
9200
5366
7551
6164
1911
6686
4515
7622
7715
1180
2517
2036
1313
9501
5307
7641
5243
1356
3198
9581
4288
5705
8302
4818
3898
7065
4421
3563
7314
1981
1100
7084
6591
7572
6712
5368
3231
5254
7327
3449
7422
1394
6874
7608
4388
1325
5922
2662
1093
2102
1647
6241
5052
1606
9363
7695
8917
1628
1058
3452
5425
5152
5504
6900
9861
8894
7591
1623
7814
8812
1816
3330
2498
9734
8446
6301
1645
7324
5660
5741
8395
2262
4621
5951
3082
6903
7825
8539
3015
5707
6842
4551
3959
1353
7521
8131
2901
2941
2651
9012
6133
6714
5012
5531
9469
2726
3891
6812
5071
3089
8152
7161
4531
5044
1654
6443
7103
9974
3527
8491
5625
9103
7496
2600
6541
5384
1016
1611
5808
7948
8171
3295
9034
6045
6101
5343
2153
8637
2152
5032
3162
2163
1411
2271
4441
8181
1115
7311
3774
1186
4814
1024
4725
9967
9811
3900
8311
7561
3069
9072
4532
4872
2808
5482
7833
2712
3825
9164
6581
3834
6991
9481
4214
1822
3703
9731
2545
3301
4681
5342
5582
9497
5246
5665
6021
6223
1432
7921
7621
5835
5627
6621
1381
3752
6221
1081
6462
2596
6598
7468
5622
3134
2240
1815
1486
6454
6122
5651
2235
8096
9123
4284
7942
8407
1971
4247
4141
6542
5708
4527
5645
2314
9686
4371
4175
5463
3525
9701
7491
5212
3252
8242
4321
8373
6129
7782
2624
3208
1948
9336
4741
5223
6061
8016
3772
1445
5311
2623
7532
4884
9056
2061
6445
2204
5563
6732
7102
2951
3032
2907
5465
1474
3843
3833
5241
5944
1749
9716
5492
2563
2223
5453
6512
8881
5963
6741
9611
4900
3951
5150
1323
5836
5221
5049
5201
9906
5661
1795
3025
6291
3065
4271
4102
5041
6536
2243
6825
6271
2573
4132
4845
8274
4453
3405
5348
3992
1800
6601
1032
2961
3711
4285
8925
1991
9902
7575
7693
9033
6543
5200
2729
8934
8356
8855
7541
8253
4803
5954
8012
4004
1092
4328
4882
6525
7609
3021
7581
3264
3047
1075
1827
6605
6866
6870
8753
7964
9475
5701
4273
4696
2672
9162
2675
1028
1101
5613
1945
5763
9715
3361
9711
9298
3317
9201
6982
4117
5865
7090
2502
9756
1105
7902
7233
6521
9045
1182
8938
8075
4844
7313
4624
5721
3611
6941
3356
4671
4525
7981
1443
3024
6586
3848
9447
8757
1861
1052
3515
3981
7627
9156
7822
7384
4758
7205
4535
3524
7051
4926
2727
8474
4486
8556
6281
4383
3350
2495
2751
9724
3562
3500
5133
6915
8495
6414
3141
6844
2141
7077
6813
8903
2742
1108
2254
5914
6247
7075
1132
3531
4553
9084
2554
1961
4617
5824
7765
7586
9678
5662
7876
3628
5328
2678
7954
2923
9137
9286
9231
9249
1431
2140
5102
2265
1787
8021
6953
2903
3155
5617
9262
6075
3999
7335
7920
7141
5657
8831
8211
3822
9402
9828
5761
4877
1318
5481
7681
5525
3328
5561
6703
2911
4357
9036
8443
3993
4791
4841
1949
5351
8261
7533
7325
7201
1352
1119
9367
6572
8484
8447
5455
4587
9651
8715
1218
6365
4143
8573
3907
5672
4171
3765
6535
4131
4879
5924
5724
7321
4708
4054
3534
3334
8561
6165
7722
3371
8512
8231
6415
8172
5141
5048
3248
3606
2156
8392
3890
9804
3114
2831
2406
4174
3355
6545
6081
6465
9283
8381
5037
4794
7232
5334
9801
7777
7134
4715
2015
5340
6116
7301
4336
9704
6422
4380
3313
7414
2713
9699
6040
8255
9931
4538
6071
3852
5062
6582
2841
6744
8615
7223
9011
8493
6800
8351
2800
5556
5846
5688
6268
6123
1744
2285
3708
4043
9953
5124
6132
6102
8921
3265
3271
4451
5045
1814
2805
1613
7483
1363
8011
8308
2497
3739
7901
2991
5853
4438
8647
6931
3403
1300
9205
2995
7963
6217
1783
5430
3335
9603
1943
4942
7554
3023
3206
2021
3785
6109
2584
1069
9687
3723
4424
9909
6367
2026
6274
6832
9831
5388
4415
1794
5074
5725
4826
9257
1841
5864
3067
6930
3055
1402
3045
8141
3762
2421
5104
2526
5845
9733
6214
9061
8064
8853
7055
5405
5694
9495
7776
4589
8802
9932
9872
6922
5367
4875
1715
3814
3763
5106
4115
5321
3770
1511
7570
3526
7512
1619
5995
2377
3352
2986
5146
3211
1768
3894
4124
7935
5423
8315
7434
5035
9641
4849
1187
1274
1321
4861
8034
8191
9766
5025
5264
3074
6112
7625
6971
9771
5445
2435
7437
8455
6599
4581
8806
9679
2244
2728
7597
3381
9075
3274
2752
7371
2982
8391
5555
9147
7419
1221
6439
3029
5386
6077
1317
1399
6029
4158
2317
7884
3791
6065
2401
1735
2641
2840
3351
7895
9255
1508
9988
4323
7041
2301
8194
7811
2635
1426
6438
4721
7924
5915
5403
6511
1812
3044
1962
6277
2743
2144
6202
3232
5437
8232
7707
4543
5122
7274
3191
2136
9041
7916
2105
1846
8325
4816
5240
6418
5826
8409
2521
5642
1627
4835
6067
6026
1200
3439
6831
3742
3411
2500
6677
2950
3911
6659
9083
2914
6235
4797
9792
9005
4356
9930
5422
4724
3244
6267
6631
1934
9684
8388
9247
6846
2821
3052
5424
8933
3769
1509
8332
5507
7562
9113
9462
3056
1757
3004
1398
1625
9216
6215
9335
3224
8124
4613
4812
2133
3249
1860
2509
5084
7848
8572
5327
2693
3197
3013
8735
2352
1921
8734
7936
8265
6573
3446
4909
7470
1041
9649
4698
2400
9285
7275
7873
8567
4307
3026
9245
3522
3121
3461
4823
7991
9901
6997
5302
5815
6952
4431
6211
5375
4944
9486
4041
3958
5476
4881
8441
1721
2071
3016
4023
1421
7955
6105
8378
5664
2902
8658
4484
4876
5605
7721
2645
5076
5689
3573
5509
9755
3190
8094
3146
9064
1817
9415
5631
4567
3604
5871
8314
1775
7011
5601
1773
8603
9334
3009
4364
8384
5154
1676
3970
6051
7329
7397
6905
4338
7108
9533
3442
1723
2394
8513
6373
7328
2104
1607
9795
1440
2740
8571
7348
1785
5234
8633
5655
5454
1211
7214
4800
9254
5715
7975
1484
1151
3502
6333
9965
3342
8052
7696
6883
5964
4675
7875
9528
8377
8494
7958
1359
4754
4908
6595
7045
1165
5616
4182
3985
4221
3844
6099
4128
6125
4920
4050
6213
6702
9661
8449
7906
7425
5813
5646
7095
4181
2851
9342
1853
9905
6882
7787
7611
3430
4317
2106
2382
4318
9971
6127
3474
9617
1767
5941
2952
7130
7946
8582
3086
3775
8625
6413
3447
9727
8605
4385
5854
4184
7165
2723
3235
5841
4334
9693
2323
9987
2904
9636
9600
8313
2031
8019
9079
1764
7035
8600
1094
7815
8147
6432
9281
3543
3720
8023
2953
5962
3445
4374
4709
6305
4906
3995
7400
9891
2515
9644
1753
8334
8536
6285
8406
5308
2355
4507
9221
4005
7571
8517
3953
8913
9141
5397
8821
3732
1963
5446
2957
2673
9312
8412
4024
5911
3749
2165
1732
9467
7582
9131
9102
8724
2511
1831
8326
8467
6669
9843
6733
3000
5231
7008
7667
5685
5202
8469
5203
3125
7421
6287
9585
3088
7596
9134
5844
6916
4571
9924
5740
3440
1401
2245
9407
9082
5165
2376
1424
7081
4354
1241
9341
8621
6909
4264
1404
9545
9412
8426
8151
9936
6286
8316
4105
5681
7500
7847
9241
1351
4261
3508
6118
2200
4145
1074
4504
6522
8397
7798
6162
8899
5766
1754
1718
2114
5863
5505
5325
8936
7396
3329
6617
3626
8371
7688
2715
7826
2441
9416
7203
6467
4254
1327
8305
9151
7076
2541
4574
9261
6243
8085
3130
1685
8107
4116
5666
1462
9091
4537
7635
4503
6012
6957
3826
3176
1631
8077
7603
1832
8428
4700
8565
1156
5094
4885
4827
3501
3035
9685
3533
3243
7263
2465
5551
3137
6201
5428
3962
7666
9753
4541
7872
8025
8602
6124
9991
9479
7932
7925
7855
1380
3648
5050
5621
3702
4011
4694
8414
6028
6645
9071
3412
5501
7966
4006
9961
1992
2670
6955
4458
4705
8919
4161
4481
5317
4386
5292
6704
7227
3142
8427
6644
4569
3433
8424
7638
9853
8835
2032
5381
1790
9618
2921
5912
1525
3122
1778
1740
7845
7892
2561
1636
9514
9217
5916
8097
1202
3064
3038
5175
4423
9263
7424
2302
9937
5396
8341
8338
8162
4693
4744
8766
9566
5443
9152
4305
9256
8931
5004
4322
9738
1482
8002
1608
8759
6690
1779
5256
5438
7664
8851
8219
1759
4033
5089
1331
8882
4819
4836
9035
8604
4622
1026
8394
9922
6574
9903
2333
1724
1005
7382
3201
7046
5757
2964
9607
4122
7418
3802
6501
8218
1361
4623
5131
6503
5692
8146
6089
6468
7100
6091
1357
2971
8551
2974
6014
7107
1243
4063
6088
3800
1942
4231
9073
9067
9805
7973
9287
2505
5738
9482
1777
9851
9024
4339
9948
8811
1678
3652
3603
4727
7675
8732
5861
9966
5260
9821
3441
5511
9418
2220
6970
7615
3138
1935
9551
8105
1679
6444
1022
4568
9296
7894
3860
2300
8221
9081
3227
1277
4268
1275
3133
8748
9243
5803
1970
9472
8897
3761
6321
2160
4194
9174
8485
7113
4740
9314
9219
7423
7216
6987
3602
4522
2980
1789
3237
9027
4444
1696
5306
7467
5927
4505
4156
6611
5363
4315
9700
1614
7685
6456
9791
3410
7756
5232
1473
2270
9047
1117
5528
5314
3209
4190
3625
5800
9696
7775
5315
8804
9629
2994
5063
8112
2900
5145
1774
3318
4880
8751
6974
7694
4302
5364
5758
8200
6500
5671
3196
1046
9563
2430
4014
7256
7025
8451
9284
6261
9166
9206
8425
4185
1797
4176
1711
5629
6015
4759
6336
5752
1000
5105
4413
2508
4213
5943
1520
9078
9088
8233
7797
9621
9703
9746
1801
6436
4200
2002
6082
2959
9433
9923
2640
4781
7435
5900
4062
1390
3292
9494
5855
8312
6074
9670
3835
7215
5977
5595
4529
8453
9979
3990
1030
9419
9946
9413
1043
1734
9423
1027
3300
9293
5249
9155
9246
9626
7984
7852
6251
7844
8264
6585
8479
8028
1036
7463
5534
5658
4586
2230
2292
5604
4455
9912
2404
4664
3195
8823
1145
4266
4316
1985
5872
8611
9986
7202
3737
6013
4013
5590
5500
6294
9233
6891
7661
3372
9021
9441
6237
4765
4562
7949
9135
3744
8584
2924
5409
6141
2636
6370
8404
8144
8553
9945
2415
8736
8267
8167
5700
6869
1691
9175
4513
6964
9997
8385
1393
9844
5928
5349
8432
2445
9449
4860
3947
7679
3899
9489
8937
3007
3116
8241
1505
5244
1960
6003
3830
6050
7614
8564
2629
9122
6627
9365
4111
4472
8300
1646
4485
4528
9474
5925
9613
9038
6801
4704
4433
5809
8000
8834
5252
5935
7813
5293
4911
8624
3258
4905
8843
3115
3140
4235
7740
8651
9900
9633
4878
3455
1844
3503
1454
3631
7785
2375
5268
7983
9949
8458
2965
9112
7737
6176
1976
5973
4443
4616
8405
6564
9832
5026
1461
4500
9774
9111
6230
8854
4464
1410
6917
8193
5812
9635
7218
7000
4281
8041
8563
8532
7050
2003
4103
1008
3199
3738
2362
6673
6027
7431
9437
6629
4722
9414
7637
4435
8857
4163
6219
9435
9978
8239
7861
9995
3646
1738
4245
4400
5057
4550
8475
2860
2616
2770
8912
4373
9468
9438
3780
5036
8744
2930
3467
1118
7821
4924
9089
9443
1751
9171
9864
1634
8550
8506
2825
5395
3113
7123
9330
1322
3600
7634
1755
6440
5976
7910
2191
5053
8742
8808
8461
8852
9138
4772
7663
2680
9008
4588
6709
4454
8463
5435
7109
5398
4802
7828
9400
1001
9213
8627
6877
7705
1716
1536
9299
7428
8120
8343
6111
7938
1843
4155
2735
6270
8884
6095
9434
9211
9444
1175
6672
4903
9355
9983
1430
4064
9698
2981
7040
9702
9250
9108
1184
6400
8456
2660
4870
8260
3003
8481
1865
9132
8641
6700
7525
3260
7786
3006
1792
9032
2627
6092
7926
9915
1305
8747
7692
9845
1070
8423
5524
6107
7300
5759
8066
9939
6587
3912
7590
6290
7793
9609
9023
7871
8254
6657
6080
9640
1850
8452
5013
9258
7933
6143
1475
8317
9483
8044
8614
4352
9100
5633
6940
7119
9515
1250
5816
6914
1109
1260
7843
9044
2063
3087
2975
4140
7610
7588
6634
8339
4430
7472
3506
5490
3989
4585
8872
7225
7801
7903
4389
9177
6160
3160
4437
8722
9055
3234
7670
9313
1633
4927
7106
2280
9436
8535
3565
8160
6276
9354
2700
8413
6640
1697
1500
7036
9178
3100
7334
6628
3546
7691
9136
4414
8895
1420
3997
1821
1657
7738
4782
2222
4202
9785
9009
6460
8893
7250
4060
6920
9054
6190
9615
5827
3528
1489
2626
5114
1244
8347
2990
8538
8503
2988
6606
4460
5113
3212
4612
8035
9114
8055
1681
2116
8465
8472
6613
9484
5600
2340
8440
8618
7940
6295
9222
1540
4387
7392
8001
9608
6000
9606
2157
4104
4365
8626
5085
8382
2150
4570
8507
3165
3293
1643
1362
7792
9605
9688
8445
5059
4130
1488
3470
9969
6676
9417
4450
6913
9133
2159
8763
7791
9007
1802
8622
1332
8623
4508
3280
9465
8629
7439
9524
7739
2977
6130
6984
4260
8438
2250
7864
7645
5266
6988
2360
1786
6142
1940
9022
3200
9294
4510
6924
1045
8345
4208
9584
6668
7755
4310
5300
1436
5464
1968
9031
7700
9996
4436
6616
2431
5447
1720
9943
2989
8390
9063
9964
1006
7115
9842
6827
9550
1719
7466
9623
8628
3373
4855
5316
5003
3620
1471
9914
7846
1663
1661
2000
6680
5176
4002
2412
8477
5814
7856
3634
8774
9026
7336
6615
9625
3364
9560
9295
9466
7702
3847
5170
1683
6802
1020
9963
9077
8293
1760
3792
1349
8335
6200
9677
1658
2503
4856
7764
3910
9797
8294
5472
5015
7927
1752
1201
8422
9955
7226
1684
7735
7005
8278
6956
1320
9143
5670
5333
2601
5680
7048
4858
4475
8642
5862
7142
4121
1153
9735
9315
3050
7317
6120
9350
9658
4420
8488
7784
1842
5140
9536
3940
7234
3102
8082
2154
7754
1114
7440
8291
8387
9057
5830
8376
3740
9627
9086
9265
9616
8511
6037
5250
9973
8003
4474
3566
9893
4040
2267
8464
4326
9343
8860
7686
3505
5120
3256
7778
1793
8263
8508
2040
8277
5553
5392
7781
9043
9362
6024
5320
9885
4434
3754
1655
3180
6240
5856
8434
5100
2370
8004
8483
7974
9956
4530
9492
7120
7429
7986
4225
1127
4119
9333
8222
6575
9871
1840
4796
4243
9053
3400
5360
9860
8408
9574
9892
7332
4126
1485
9975
5984
4930
6504
8344
9304
7640
6469
6300
7937
1546
1736
8468
8927
2050
7580
3413
9654
7600
3340
4650
4780
1670
8196
8372
8500
7503
6577
9512
1080
8764
8856
9992
3821
6720
9747
8581
9999
5811
9913
8617
3046
4330
8462
6262
3840
5529
7779
8398
7889
6860
9530
4940
9105
8756
9442
4303
2960
8842
8490
4010
3336
5843
8822
9491
8523
3444
1358
1252
2432
8250
6975
7853
2690
8079
1120
2290
9430
2060
4300
6600
1463
2130
2065
8389
6579
1510
7427
8430
7240
8337
9525
2420
9439
9780
8631
3360
9904
9942
7911
1900
3425
2322
3585
9487
5294
3640
8470
1662
2350
4152
2407
1451
8386
9109
8170
1438
4560
9037
7200
6745
9121
7083
4465
5270
3930
7890
1160
8476
7626
9455
9458
9882
8537
2170
6401
7620
7730
4771
7668
1534
6273
6960
4584
8203
9452
9125
7753
9691
7736
5433
7370
7044
4837
8478
3464
5125
3504
2507
2701
9907
5439
5550
8198
1270
8275
6817
7460
8746
4482
3710
9496
8153
3450
1009
6020
2158
1730
4766
2019
5449
3250
3819
4601
9013
9446
4267
7390
9173
7849
9300
4710
8342
8721
4017
2702
2630
4287
1560
5987
9998
9784
9014
3041
1110
9573
1550
9154
1437
8459
4606
9925
5940
9409
8773
7858
7990
1329
2410
9908
9454
5930
1686
7260
8761
9537
1769
9886
9984
8883
9306
9632
1130
5280
5690
9464
4157
7230
8444
8710
5450
9292
7380
8816
4850
9000
9146
9025
4327
9534
1190
9655
1600
9841
8800
9523
1042
2210
3880
8807
8346
1303
9947
5080
7796
4203
4565
6100
3150
9361
3794
7536
6670
2913
9833
5720
9773
6803
8613
1458
9450
5330
9968
9954
8700
1770
9918
1341
6167
7490
9994
8541
5710
5110
8566
8362
2940
4280
8515
6684
1428
7283
9511
7352
8320
5070
7401
9473
9620
7680
6590
2409
3790
6083
8522
7502
3545
9410
6430
5760
3980
5217
8076
6070
9980
7220
9527
1481
8482
8140
8336
8737
9825
7346
8319
8457
9993
8813
9852
7950
9148
1954
8403
1870
6350
2380
8832
7105
7929
5980
5570
6730
7794
9337
8333
1044
2100
9456
9957
7270
5817
9106
1154
1477
9959
3230
8486
8100
9460
7877
7840
2180
9240
1682
2080
3005
4269
9972
7480
2968
3709
3540
1140
8902
8396
6650
7210
8900
5420
1240
7360
8755
1910
2760
8841
7140
2910
7504
1847
1750
7874
3172
2730
8050
8632
9656
8393
3109
8466
4760
8844
2166
6360
1700
1980
9488
4840
9153
3950
6199
6990
7224
4730
4240
7800
8487
7788
5540
7985
5290
8070
4670
7420
6560
6153
3750
4660
4820
3290
8530
8130
1610
9453
9215
3922
9793
9500
8400
8439
7710
3730
9445
2460
6740
9060
9305
2820
8745
8752
5060
5860
9796
9124
8845
8772
6610
4030
4350
7030
8363
5350
1920
8805
3420
7795
4212
5520
8758
9485
1530
2850
7160
3480
6252
6620
6850
9624
5480
4890
3895
5390
5990
3651
2303
4652
5310
9366
9150
7720
6307
3370
1170
5647
9087
8636
9564
8885
6980
4575
7928
8542
8814
5370
9297
1476
5970
5580
8534
7060
1037
4110
9827
8180
7880
6170
9107
9214
9526
6580
8190
9160
6470
8583
4106
1930
4230
8880
7350
1706
8650
3960
8743
2390
8733
5318
9006
6180
6341
9050
4410
3836
4440
7070
7150
1692
9320
3240
4690
9290
8080
5606
5530
1810
9794
7970
6203
6060
8280
8830
1099
4020
9911
4520
9950
4750
5560
8045
8437
3507
1487
8892
9990
6312
5840
9985
6289
6450
1230
3101
8505
8644
8762
9432
7450
5471
9260
7780
9359
7342
4859
9750
1309
3509
8007
8410
9270
4640
9749
7860
4016
7842
4180
6969
8890
7630
8150
4340
2480
1642
8616
3380
7020
8620
7320
2190
8516
8741
8529
3170
5656
2830
1950
9657
7690
9004
8850
9448
9535
7650
5160
5901
8775
3868
8809
9580
8110
5950
4540
5002
3653
9520
9176
7915
7010
9480
8380
8090
6030
6353
8497
7980
9610
4490
2470
8560
3920
2810
9040
7859
5130
1609
4470
8552
9962
8202
2870
9800
5162
6320
8361
5090
1302
7965
6570
2750
8833
5820
8514
3270
1002
9760
8527
7760
5410
7426
7830
6342
9540
3630
7080
6550
1830
9459
5603
9085
8730
4270
2155
1150
7430
8060
2110
8524
4170
6421
6278
9420
9280
4360
7960
2440
8528
9970
2070
3147
1710
8554
2970
4370
7303
8489
1003
9790
8520
8420
4602
8871
7750
